10 15
17
C 10 1 1
C 1 15 2
V 1 9 0
T 1 13 0
C 2 3 0
T 3 1 0
V 3 8 0
C 3 14 0
F 4 5 0
F 5 12 0
T 6 3 0
T 7 10 0
C 8 2 0
V 8 6 0
T 8 15 0
C 9 13 0
T 10 3 0
0 0 0 0 0 0 0 0 0 0 0 0 1 0 0 0 1
0 0 0 1 0 0 0 1 0 0 0 0 0 0 0 0 0
0 0 0 1 0 0 1 1 0 0 0 0 0 0 0 0 0
0 1 1 0 0 0 0 1 0 0 0 0 0 0 0 0 0
0 0 0 0 0 1 1 0 1 0 0 0 0 0 0 0 0
0 0 0 0 1 0 0 0 1 0 1 0 0 0 0 0 0
0 0 1 0 1 0 0 1 1 1 0 0 0 0 0 0 0
0 1 1 1 0 0 1 0 0 1 0 0 0 0 1 0 0
0 0 0 0 1 1 1 0 0 1 1 1 0 0 0 0 0
0 0 0 0 0 0 1 1 1 0 0 1 0 0 1 0 0
0 0 0 0 0 1 0 0 1 0 0 1 1 1 0 0 0
0 0 0 0 0 0 0 0 1 1 1 0 0 1 0 1 0
1 0 0 0 0 0 0 0 0 0 1 0 0 1 0 0 1
0 0 0 0 0 0 0 0 0 0 1 1 1 0 0 0 1
0 0 0 0 0 0 0 1 0 1 0 0 0 0 0 1 0
0 0 0 0 0 0 0 0 0 0 0 1 0 0 1 0 0
1 0 0 0 0 0 0 0 0 0 0 0 1 1 0 0 0
